[{"id": 0, "img_name": "120_0", "width": 960, "height": 640, "position": [1.5393679168582894, -0.02369110183536822, 2.1160147041166577], "rotation": [[-0.004564356933970378, 0.004592488211072745, 0.9999790376291948], [-0.9999893316554864, -0.0007303425877435236, -0.0045610497605302015], [0.0007093807107760333, -0.9999891877674156, 0.004595772761080876]], "fy": 1030.0712965560467, "fx": 1030.0712965560467}, {"id": 1, "img_name": "121_0", "width": 960, "height": 640, "position": [2.354693252760096, -0.021666122801553993, 2.1154142867829564], "rotation": [[-0.0022751291880446435, 0.0019313998143661788, 0.9999955467310518], [-0.9999968714906242, 0.0010352200161411296, -0.0022771316347082325], [-0.0010396134576445492, -0.9999975990042552, 0.0019290385126889684]], "fy": 1030.0712965560467, "fx": 1030.0712965560467}, {"id": 2, "img_name": "122_0", "width": 960, "height": 640, "position": [3.1682713165148217, -0.014116672879840048, 2.1120313721392057], "rotation": [[3.6174864242175224e-05, -0.0006163215788016494, 0.9999998094195273], [-0.9999956087357711, -0.002963330789013489, 3.434834722448884e-05], [0.0029633090546329144, -0.9999954193986821, -0.0006164260704597975]], "fy": 1030.0712965560467, "fx": 1030.0712965560467}, {"id": 3, "img_name": "123_0", "width": 960, "height": 640, "position": [3.980465163175975, -0.0006408737285210902, 2.108165023423617], "rotation": [[0.002400038418612085, -0.0015229708550322286, 0.999995960179522], [-0.9999785415812578, -0.006099253580447645, 0.0023907075901716756], [0.006095587962575387, -0.9999802396375321, -0.0015375766174038719]], "fy": 1030.0712965560467, "fx": 1030.0712965560467}, {"id": 4, "img_name": "124_0", "width": 960, "height": 640, "position": [4.789696376723731, 0.016806972824595093, 2.1036701498008354], "rotation": [[0.004785062546770415, -0.0019283619799135945, 0.9999866922097003], [-0.9999376643089888, -0.010097468863459963, 0.004765356107900172], [0.01008814515692254, -0.9999471598752737, -0.0019765587942128086]], "fy": 1030.0712965560467, "fx": 1030.0712965560467}, {"id": 5, "img_name": "125_0", "width": 960, "height": 640, "position": [5.590099030956126, 0.028716117731114762, 2.1002218602841114], "rotation": [[0.008311642560017273, 0.003281205780319646, 0.9999600743462622], [-0.9999055288830316, -0.010920645946432937, 0.008347023496834952], [0.010947598234250564, -0.9999349844768609, 0.0031901272955132654]], "fy": 1030.0712965560467, "fx": 1030.0712965560467}, {"id": 6, "img_name": "126_0", "width": 960, "height": 640, "position": [6.392158928277916, 0.046854172711185124, 2.101202293318857], "rotation": [[0.01167279194527586, 0.0053709949078288655, 0.9999174457633501], [-0.9998323356036352, -0.014046453100542611, 0.011747248046831728], [0.014108387915769797, -0.9998869183907718, 0.00520613305859798]], "fy": 1030.0712965560467, "fx": 1030.0712965560467}, {"id": 7, "img_name": "127_0", "width": 960, "height": 640, "position": [7.194330954540364, 0.06886810493747261, 2.1020351423816415], "rotation": [[0.014641982973902486, 0.006957893972596422, 0.9998685913889178], [-0.9997843985456558, -0.014622413676458671, 0.014742504637121304], [0.01472306894954239, -0.9998688777683502, 0.006742292708448661]], "fy": 1030.0712965560467, "fx": 1030.0712965560467}, {"id": 8, "img_name": "128_0", "width": 960, "height": 640, "position": [7.997519036619586, 0.09193776628557933, 2.1048993892045935], "rotation": [[0.01854014987988903, 0.00790874768931948, 0.9997968366385334], [-0.9996750894508971, -0.017348065195767964, 0.01867512156061432], [0.017492237529018125, -0.9998182316521086, 0.0075845423249094445]], "fy": 1030.0712965560467, "fx": 1030.0712965560467}, {"id": 9, "img_name": "129_0", "width": 960, "height": 640, "position": [8.798304113197592, 0.12148090522295125, 2.1072786251369693], "rotation": [[0.02232511919000698, 0.007822976472520882, 0.999720155889768], [-0.9995475632159068, -0.01998559157739345, 0.02247765553708932], [0.020155840897725107, -0.9997696620564217, 0.007373256356155483]], "fy": 1030.0712965560467, "fx": 1030.0712965560467}, {"id": 10, "img_name": "130_0", "width": 960, "height": 640, "position": [9.598457376552812, 0.15270580637798303, 2.1098053098850387], "rotation": [[0.02668496004193785, 0.007909763460573264, 0.9996125992351027], [-0.9994051411011964, -0.02164266863493488, 0.02685067661821054], [0.02184666674935767, -0.9997344800177472, 0.007327524519667099]], "fy": 1030.0712965560467, "fx": 1030.0712965560467}, {"id": 11, "img_name": "131_0", "width": 960, "height": 640, "position": [10.398183148191139, 0.18953648625262018, 2.112036633625529], "rotation": [[0.03140821487468265, 0.006883823566568747, 0.9994829348275489], [-0.9992096463849899, -0.024159240357878968, 0.03156602091669024], [0.024364043374786155, -0.9996844222445573, 0.006119584299358377]], "fy": 1030.0712965560467, "fx": 1030.0712965560467}, {"id": 12, "img_name": "132_0", "width": 960, "height": 640, "position": [11.189904790314312, 0.2254399388305018, 2.114152208750076], "rotation": [[0.03694358191868104, 0.009680016916775605, 0.9992704684055806], [-0.9990290658954047, -0.023659539674481932, 0.037163849081417524], [0.024002025980580606, -0.9996732083310438, 0.00879655011609553]], "fy": 1030.0712965560467, "fx": 1030.0712965560467}, {"id": 13, "img_name": "133_0", "width": 960, "height": 640, "position": [11.980751906844766, 0.26456756346697957, 2.1171813690727515], "rotation": [[0.04324453180488243, 0.011402832196280053, 0.9989994423856701], [-0.9988300175885858, -0.02117040969708579, 0.0434788421791879], [0.021645009423922702, -0.9997108527825237, 0.010473986627702055]], "fy": 1030.0712965560467, "fx": 1030.0712965560467}, {"id": 14, "img_name": "134_0", "width": 960, "height": 640, "position": [12.769526391592711, 0.3134376429788548, 2.12269019628403], "rotation": [[0.050371065003736254, 0.013209992246867367, 0.9986432055119723], [-0.9984532979400426, -0.022894055280187602, 0.050664327346566826], [0.023532268123615748, -0.9996506181349887, 0.012036362377929636]], "fy": 1030.0712965560467, "fx": 1030.0712965560467}, {"id": 15, "img_name": "135_0", "width": 960, "height": 640, "position": [13.55550034792111, 0.3746746672519, 2.129969095938003], "rotation": [[0.05778668555676352, 0.017024249962077003, 0.9981837876291082], [-0.9979719509657952, -0.025751870674872206, 0.05821362591583319], [0.026696143127568878, -0.9995233944585654, 0.015501608695196064]], "fy": 1030.0712965560467, "fx": 1030.0712965560467}, {"id": 16, "img_name": "136_0", "width": 960, "height": 640, "position": [14.347275869518628, 0.4388258918710645, 2.138923057926893], "rotation": [[0.06556072093981277, 0.016833035430467325, 0.9977065905305269], [-0.9974869301369561, -0.02581143535876757, 0.06598177029052173], [0.02686291264556039, -0.9995250965948362, 0.015098516525811302]], "fy": 1030.0712965560467, "fx": 1030.0712965560467}, {"id": 17, "img_name": "137_0", "width": 960, "height": 640, "position": [15.147138505597034, 0.49909247773208476, 2.145197749218153], "rotation": [[0.0735068864354733, 0.013196329875815288, 0.9972073979490779], [-0.9970195203424382, -0.02251588076549742, 0.0737909965340483], [0.023426773202821823, -0.9996593879873098, 0.01150192619264182]], "fy": 1030.0712965560467, "fx": 1030.0712965560467}, {"id": 18, "img_name": "138_0", "width": 960, "height": 640, "position": [15.948054102007521, 0.5757752809384837, 2.149784231431645], "rotation": [[0.08130316461821907, 0.011359088702471631, 0.9966246868941749], [-0.9963193751344559, -0.026319098086353285, 0.08157823121156824], [0.027156917254171856, -0.9995890536514341, 0.009177454193825499]], "fy": 1030.0712965560467, "fx": 1030.0712965560467}, {"id": 19, "img_name": "139_0", "width": 960, "height": 640, "position": [16.747283074158645, 0.6628272834345882, 2.1534600349753594], "rotation": [[0.08794237138445951, 0.013091714023412535, 0.9960395305103142], [-0.9957181651939239, -0.027439403458617704, 0.08827465457695456], [0.028486397071641672, -0.999537736236989, 0.010622571257110093]], "fy": 1030.0712965560467, "fx": 1030.0712965560467}, {"id": 20, "img_name": "140_0", "width": 960, "height": 640, "position": [17.464770897855555, 0.740870328022628, 2.159522795334343], "rotation": [[0.09491212829359245, 0.01750331420932733, 0.9953317647369998], [-0.9950665283543862, -0.027342505210853407, 0.095367665157244], [0.02888411417250648, -0.9994728717681557, 0.014821826742530582]], "fy": 1030.0712965560467, "fx": 1030.0712965560467}, {"id": 21, "img_name": "141_0", "width": 960, "height": 640, "position": [18.261407762256795, 0.8210088521923405, 2.1692026531753053], "rotation": [[0.10356129306652918, 0.02494284438093508, 0.9943102700327384], [-0.9943306891527173, -0.021641550702381156, 0.10410631053052673], [0.024115123625448036, -0.9994546001682043, 0.02256020866802071]], "fy": 1030.0712965560467, "fx": 1030.0712965560467}, {"id": 22, "img_name": "142_0", "width": 960, "height": 640, "position": [19.066662820406936, 0.9185976187025158, 2.1857302051367404], "rotation": [[0.11119294973706001, 0.02834959891433099, 0.9933943970901828], [-0.9934917429424065, -0.021677007267377202, 0.11182246671035717], [0.024703939645945448, -0.9993630009147458, 0.02575476205758548]], "fy": 1030.0712965560467, "fx": 1030.0712965560467}, {"id": 23, "img_name": "143_0", "width": 960, "height": 640, "position": [19.874149192898077, 1.0297601811054031, 2.203956141517923], "rotation": [[0.11816405302670116, 0.030717031196366172, 0.9925188766803301], [-0.9926101610217081, -0.024137879242807133, 0.11892195349100923], [0.027610230146832535, -0.9992366220170983, 0.02763780763913468]], "fy": 1030.0712965560467, "fx": 1030.0712965560467}, {"id": 24, "img_name": "144_0", "width": 960, "height": 640, "position": [20.68956995777819, 1.1474958653493141, 2.2235830064140103], "rotation": [[0.1246451629223606, 0.032210045349862146, 0.9916784238545366], [-0.9917457139126271, -0.02624279111628611, 0.12550599527656084], [0.030066963531280057, -0.9991365416663462, 0.028673137446430134]], "fy": 1030.0712965560467, "fx": 1030.0712965560467}, {"id": 25, "img_name": "145_0", "width": 960, "height": 640, "position": [21.506307098452638, 1.2666713195957264, 2.2429780917273647], "rotation": [[0.13155881606656095, 0.03242211151030795, 0.9907780198411641], [-0.9907660563510194, -0.028754966193077297, 0.13249820188169725], [0.032785659941700414, -0.9990605380078067, 0.02833975825124553]], "fy": 1030.0712965560467, "fx": 1030.0712965560467}, {"id": 26, "img_name": "146_0", "width": 960, "height": 640, "position": [22.319613741168823, 1.399721982126719, 2.2647947645693542], "rotation": [[0.13822924149171953, 0.03712512611270968, 0.9897041991462596], [-0.9896395571484907, -0.03398119634549999, 0.13949489317486669], [0.038810098216350765, -0.9987326986266366, 0.032043298369444154]], "fy": 1030.0712965560467, "fx": 1030.0712965560467}, {"id": 27, "img_name": "147_0", "width": 960, "height": 640, "position": [23.139880492128945, 1.5375411376459527, 2.287290887884479], "rotation": [[0.14464438860491396, 0.03635541477167466, 0.9888155968945322], [-0.9886187000233273, -0.03646659715981921, 0.14595634023834014], [0.041365043325219605, -0.9986733555614484, 0.03066695423969806]], "fy": 1030.0712965560467, "fx": 1030.0712965560467}, {"id": 28, "img_name": "148_0", "width": 960, "height": 640, "position": [23.963980752077383, 1.6763193590746286, 2.3084544831617557], "rotation": [[0.15143793724499427, 0.03568160741864214, 0.9878225417831903], [-0.9874968088431159, -0.038799739596570564, 0.15278950465231694], [0.043779032511503, -0.9986097351314278, 0.029359720930154345]], "fy": 1030.0712965560467, "fx": 1030.0712965560467}, {"id": 29, "img_name": "149_0", "width": 960, "height": 640, "position": [24.790300942816636, 1.8206204888870583, 2.328382036102843], "rotation": [[0.1583448238589816, 0.03470625682330823, 0.9867737291265829], [-0.9863422056294133, -0.04033388675386152, 0.159694179522706], [0.04534280704997971, -0.9985833231717025, 0.027845583710654365]], "fy": 1030.0712965560467, "fx": 1030.0712965560467}, {"id": 30, "img_name": "150_0", "width": 960, "height": 640, "position": [25.61484520074142, 1.971979911307981, 2.347377139848872], "rotation": [[0.1642293569128005, 0.035134899413381125, 0.9857962554053548], [-0.9853181852474664, -0.041425240391297906, 0.1656261551783487], [0.04665610515942447, -0.9985236543526321, 0.02781581473942391]], "fy": 1030.0712965560467, "fx": 1030.0712965560467}, {"id": 31, "img_name": "151_0", "width": 960, "height": 640, "position": [26.438378523769064, 2.1261453874823038, 2.366885413371239], "rotation": [[0.17067992340890156, 0.03767169468514219, 0.9846061177773989], [-0.9841501708517244, -0.042296519464781385, 0.17221917911105983], [0.04813320016011226, -0.9983946353324994, 0.029855438057944692]], "fy": 1030.0712965560467, "fx": 1030.0712965560467}, {"id": 32, "img_name": "152_0", "width": 960, "height": 640, "position": [27.261908501084203, 2.2857323050930423, 2.3885534986654195], "rotation": [[0.1780646438811098, 0.039780731513711136, 0.9832143591301584], [-0.9827801018043189, -0.04292951494550833, 0.1797229207531291], [0.049358424782256716, -0.998285805842584, 0.03145148257613455]], "fy": 1030.0712965560467, "fx": 1030.0712965560467}, {"id": 33, "img_name": "153_0", "width": 960, "height": 640, "position": [28.08689826060526, 2.450903300826322, 2.4113589060101073], "rotation": [[0.1851258789150363, 0.04109033444822841, 0.9818553831246576], [-0.9815020512692312, -0.041891005719084926, 0.18681238447740903], [0.04880709282703713, -0.9982768794551822, 0.03257513829589449]], "fy": 1030.0712965560467, "fx": 1030.0712965560467}, {"id": 34, "img_name": "154_0", "width": 960, "height": 640, "position": [28.9138398118558, 2.6167832215447966, 2.4339520752921775], "rotation": [[0.1922455420836778, 0.0406498806808105, 0.9805045837473627], [-0.9802609764628384, -0.03903508058761591, 0.19381609971217773], [0.04615267677042517, -0.9984106618441906, 0.032343171501422824]], "fy": 1030.0712965560467, "fx": 1030.0712965560467}, {"id": 35, "img_name": "155_0", "width": 960, "height": 640, "position": [29.740489562080917, 2.789799526783607, 2.4566566608199447], "rotation": [[0.19919685482693159, 0.03951753658025079, 0.9791623855774317], [-0.9789293243249869, -0.037779133660138964, 0.20067415139103803], [0.04492205475801643, -0.9985044323199159, 0.031159390780306898]], "fy": 1030.0712965560467, "fx": 1030.0712965560467}, {"id": 36, "img_name": "156_0", "width": 960, "height": 640, "position": [30.564135323185056, 2.9715119628967885, 2.477884804400734], "rotation": [[0.2051803606055841, 0.03923264152669987, 0.9779375335166351], [-0.9777070620595691, -0.0373253965832747, 0.20662941602963306], [0.04460852408013982, -0.9985327308650122, 0.030699592353203235]], "fy": 1030.0712965560467, "fx": 1030.0712965560467}, {"id": 37, "img_name": "157_0", "width": 960, "height": 640, "position": [31.385988619412103, 3.159012872309778, 2.4995981957367173], "rotation": [[0.21091930816432403, 0.03915315661588423, 0.9767190362486514], [-0.9764344572082034, -0.03827868554992937, 0.21239230920419613], [0.045703350205473406, -0.998499760921144, 0.030156777354587855]], "fy": 1030.0712965560467, "fx": 1030.0712965560467}, {"id": 38, "img_name": "158_0", "width": 960, "height": 640, "position": [32.204565342172934, 3.3510844884893034, 2.5208270081823483], "rotation": [[0.21537728514727314, 0.040115176470829975, 0.9757066145411255], [-0.9753094674829491, -0.04112169795366276, 0.21698029540843933], [0.048826915535553364, -0.9983485256032191, 0.030268031735843654]], "fy": 1030.0712965560467, "fx": 1030.0712965560467}, {"id": 39, "img_name": "159_0", "width": 960, "height": 640, "position": [33.016115088205986, 3.541631830842405, 2.5437000478389176], "rotation": [[0.21785500706461028, 0.04474822401474188, 0.9749547642554524], [-0.9747575254873655, -0.04003024794294015, 0.2196482318512357], [0.04885654922961758, -0.9981959605694429, 0.03489787816215672]], "fy": 1030.0712965560467, "fx": 1030.0712965560467}, {"id": 40, "img_name": "160_0", "width": 960, "height": 640, "position": [33.824465371904516, 3.727818701291761, 2.5712183881455037], "rotation": [[0.21972782281263684, 0.050358795505892284, 0.9742605788993078], [-0.9743689408586389, -0.03803012999807213, 0.22171801077572315], [0.048216708432165564, -0.9980068641685412, 0.040711768574235106]], "fy": 1030.0712965560467, "fx": 1030.0712965560467}, {"id": 41, "img_name": "161_0", "width": 960, "height": 640, "position": [34.633151276193786, 3.915789504604897, 2.603753607190117], "rotation": [[0.22175718030415198, 0.05553172838861156, 0.9735193784027749], [-0.9739109151331172, -0.03671613820523359, 0.22394073899107367], [0.04817968833570665, -0.9977816155539583, 0.045940889133826254]], "fy": 1030.0712965560467, "fx": 1030.0712965560467}, {"id": 42, "img_name": "162_0", "width": 960, "height": 640, "position": [35.44481387530987, 4.1059226350498, 2.638767833990715], "rotation": [[0.22372011958104565, 0.05712988576202115, 0.9729776381024697], [-0.973529003221886, -0.03483995832914511, 0.22589257887195865], [0.04680371759212344, -0.9977586649367881, 0.04782320109648564]], "fy": 1030.0712965560467, "fx": 1030.0712965560467}, {"id": 43, "img_name": "163_0", "width": 960, "height": 640, "position": [36.2612748212519, 4.299268370043714, 2.673974113061887], "rotation": [[0.22595005853806485, 0.05589144530584398, 0.9725341728640023], [-0.9730263243466836, -0.034751786930481525, 0.22806158254629533], [0.04654399182523237, -0.9978318794500216, 0.046531679297124415]], "fy": 1030.0712965560467, "fx": 1030.0712965560467}, {"id": 44, "img_name": "164_0", "width": 960, "height": 640, "position": [37.077054851437644, 4.4948051819098165, 2.7088436604776693], "rotation": [[0.22789885539468732, 0.05455761505928678, 0.9721551205177259], [-0.9725859637553175, -0.03466558432408521, 0.22994529864646057], [0.04624559239464477, -0.9979086951733173, 0.045161723633580994]], "fy": 1030.0712965560467, "fx": 1030.0712965560467}, {"id": 45, "img_name": "165_0", "width": 960, "height": 640, "position": [37.8899315153442, 4.694924562537045, 2.7430559914329926], "rotation": [[0.2295275239352581, 0.055720755902316066, 0.9717058778858054], [-0.9721457922457927, -0.035527189025139766, 0.2316686803579027], [0.04743073238892275, -0.9978141190630881, 0.04601423066187122]], "fy": 1030.0712965560467, "fx": 1030.0712965560467}, {"id": 46, "img_name": "166_0", "width": 960, "height": 640, "position": [38.70158934115657, 4.896927442311067, 2.778395793794304], "rotation": [[0.23150807511778043, 0.05774604555205427, 0.9711176063579324], [-0.9715909833120143, -0.03670116900938208, 0.23380330481012782], [0.04914236768871552, -0.9976564631256817, 0.04760892018836639]], "fy": 1030.0712965560467, "fx": 1030.0712965560467}, {"id": 47, "img_name": "167_0", "width": 960, "height": 640, "position": [39.51380488731965, 5.102235494463861, 2.815072328534196], "rotation": [[0.23337465098897808, 0.059448699404991465, 0.9705679391030944], [-0.9710467875864951, -0.03813630585765703, 0.2358256951510564], [0.05103340664427972, -0.9975026187006157, 0.04882742151387247]], "fy": 1030.0712965560467, "fx": 1030.0712965560467}, {"id": 48, "img_name": "168_0", "width": 960, "height": 640, "position": [40.32802242098888, 5.307713263133545, 2.851970773210965], "rotation": [[0.23539645909415735, 0.06027828206420812, 0.9700283685322406], [-0.9705286939211492, -0.03841075647371197, 0.23790474577617227], [0.05160001280659384, -0.9974423003354657, 0.04946004629854673]], "fy": 1030.0712965560467, "fx": 1030.0712965560467}, {"id": 49, "img_name": "169_0", "width": 960, "height": 640, "position": [41.14272845223606, 5.515707961893973, 2.8902848444987694], "rotation": [[0.2369629695381083, 0.06166127610788608, 0.9695599198071406], [-0.9700365086108093, -0.04008889266591306, 0.2396289895796674], [0.053644412848245365, -0.9972917164569092, 0.05031410594057167]], "fy": 1030.0712965560467, "fx": 1030.0712965560467}, {"id": 50, "img_name": "170_0", "width": 960, "height": 640, "position": [41.955290386990946, 5.723110850591577, 2.9294877603299136], "rotation": [[0.23839814733063824, 0.06494692247348681, 0.9689934058653558], [-0.9696907862963691, -0.039083329901981344, 0.24118928727392056], [0.05353599089629505, -0.9971230568916736, 0.05366103888070022]], "fy": 1030.0712965560467, "fx": 1030.0712965560467}]